109889744490[8895]109889746164[8895]121423[89849]
96969969342[8895]96969971016[8895]128524[89849]
123099156480[8895]123099158154[8895]127716[89849]
129783611338[8895]129783613012[8895]125232[89849]
124626463076[8895]124626464750[8895]129226[89849]
133549933224[8895]133549934898[8895]125781[89849]
96982411436[8895]96982413110[8895]121535[89849]
77885735194[8895]77885736868[8895]128090[89849]
91287726818[8895]91287728492[8895]125694[89849]
124309010970[8895]124309012644[8895]123196[89849]
153391168464[8895]153391170138[8895]127087[89849]
